14.2742
14.277
14.2778
13.0868
14.2642
11.8728
11.8617
9.4867
13.0635
19.071
16.7466
14.4634
14.5793
15.8989
18.4803
21.0183
22.2082
3.6702
0.0
10.8833
16.8463
16.7798
16.7408
19.0833
26.6586
29.0598
9.68584
2.39535
8.37455
8.37416
17.9659
15.5615
19.1594
24.0033
27.8085
29.1875
22.0576
19.6931
22.2417
20.9274
16.0849
11.1066
8.55925
9.72958
16.9471
18.1058
16.84
14.4386
27.5298
26.2675
31.0649
23.8063
22.622
36.935
40.5546
48.9112
49.0664
62.3753
61.394
56.7316
47.4351
31.7339
30.6756
23.4245
19.8531
19.8801
3.69509
8.55735
20.6569
26.648
32.5083
46.8953
nan
nan
nan
nan
nan
nan
nan
nan
nan
nan
nan
nan
nan
nan
nan
nan
nan
nan
nan
nan
nan
nan
nan
nan
nan
nan
nan
nan
nan
nan
nan
nan
nan
nan
nan
nan
nan
nan
nan
nan
nan
nan
nan
nan
nan
nan
nan
nan
nan
nan
nan
nan
nan
nan
nan
nan
nan
nan
nan
nan
nan
nan
nan
nan
nan
nan
nan
nan
nan
nan
nan
nan
nan
nan
nan
nan
nan
nan
nan
nan
nan
nan
nan
nan
nan
nan
nan
nan
nan
nan
nan
nan
nan
nan
nan
nan
nan
nan
nan
nan
nan
nan
nan
nan
nan
nan
nan
nan
nan
nan
nan
nan
nan
nan
nan
nan
nan
nan
nan
nan
nan
nan
nan
nan
nan
nan
nan
nan
nan
nan
nan
nan
nan
nan
nan
nan
nan
nan
nan
nan
nan
nan
nan
nan
nan
nan
nan
nan
nan
nan
nan
nan
nan
nan
nan
nan
nan
nan
nan
nan
nan
nan
nan
nan
nan
nan
nan
nan
nan
nan
nan
nan
nan
nan
nan
nan
nan
nan
nan
nan
nan
nan
nan
nan
nan
nan
nan
nan
nan
nan
nan
nan
nan
nan
nan
nan
nan
nan
nan
nan
nan
nan
nan
nan
nan
nan
nan
nan
nan
nan
nan
nan
nan
nan
nan
nan
31.4183
31.3917
34.9374
26.4479
30.0923
32.3964
35.9672
38.4722
45.7859
52.0318
41.3103
37.8841
38.1998
30.9869
33.6415
25.0094
14.9801
22.3984
26.0581
23.4325
20.8621
28.0844
25.5703
35.1126
28.9952
35.0608
45.9596
37.4236
39.7636
33.6283
29.9317
37.1186
54.109
47.0995
47.2664
42.6514
36.6486
33.0653
33.2618
42.0424
37.1394
26.1123
23.5694
18.4461
29.3655
20.7076
21.8544
26.6537
31.4863
52.0281
65.3032
15.6242
13.155
15.5432
19.1474
26.3064
21.5661
27.7035
39.9528
53.6513
31.996
14.8232
9.89943
13.6295
6.19063
14.8688
17.2807
3.6816
12.2121
10.9393
13.3071
25.3228
20.5101
22.9213
26.5505
21.6485
22.8772
24.0329
27.6946
28.9013
26.5267
37.506
28.0012
20.8137
19.7438
23.6313
11.2318
15.0142
3.75459
9.99303
1.24356
0.0
8.60036
11.007
15.8483
18.2375
14.5761
21.8427
23.0351
26.7012
26.6437
20.5669
25.4373
20.5687
25.3884
25.4965
25.5606
18.3933
28.4857
21.1587
12.5149
13.7975
12.5483
15.0261
nan
4.94444
8.59305
9.7909
20.7513
18.249
17.0053
21.8363
20.6124
16.9851
19.4111
18.1639
12.0761
25.3535
22.8686
23.0956
nan
19.6592
13.6144
16.1701
14.9648
13.7512
14.9904
12.5053
nan
nan
7.32838
12.16
14.4984
16.8885
16.8409
13.2427
14.4768
20.4226
20.3482
20.2789
27.3911
38.0558
31.0028
43.3586
nan
41.8828
27.2793
24.88
16.2332
18.7774
17.5066
2.48842
17.3709
6.13312
10.984
18.2372
20.6344
31.4745
19.2994
30.1072
22.9004
24.0674
21.6448
22.8451
21.6376
28.8084
27.6016
39.8759
31.561
26.7874
39.115
22.0936
17.2727
26.0149
45.6871
9.80176
15.8166
36.2948
37.4732
42.2107
40.9187
34.6819
32.2398
33.3754
26.1977
25.0054
27.3711
30.9724
36.8673
30.9224
44.2311
45.6526
48.3746
42.6505
40.5418
48.2731
42.1711
13.4987
5.96018
14.2282
21.3872
27.3097
27.2599
29.636
30.7904
43.8985
42.7039
34.3778
26.0912
20.156
21.3387
15.4186
24.9193
21.3545
39.1807
35.75
37.0872
40.9291
47.317
31.6059
37.9596
28.0086
30.4554
29.1933
nan
14.2902
23.8257
28.5835
33.3644
21.398
22.5627
28.5136
33.3029
30.9012
26.1242
27.3174
28.4895
28.4987
29.7503
35.8441
49.2545
27.7675
29.1591
28.1005
29.5153
13.5118
16.0037
19.6799
20.7452
14.5205
16.8743
22.825
27.5806
29.9319
39.4884
44.1948
39.403
44.2512
38.2381
39.4374
39.3915
40.5603
34.6708
37.1311
33.6401
26.5535
21.8232
23.1522
23.3144
27.0787
19.7031
23.4668
24.4802
17.0159
16.9091
18.0498
27.6422
28.8225
26.3768
29.9336
28.7161
28.7398
25.1185
31.0443
32.2355
40.5547
44.2559
42.0505
37.6242
35.4485
34.4909
32.1877
37.2829
11.0376
33.0895
22.0044
26.7663
35.2026
33.8598
30.1172
34.8512
34.7147
29.879
27.4593
23.8865
22.6385
26.1726
24.9985
23.7306
21.3168
30.9347
33.4356
27.6821
33.8937
40.3261
26.9266
29.5537
23.4174
19.6911
11.0236
14.6403
14.5646
15.7121
25.267
26.4489
55.0993
44.0674
45.1338
42.6688
39.0858
40.2561
46.2163
43.6302
40.0782
54.5113
54.9302
78.3274
72.6921
36.6099
26.9169
19.6567
7.37824
26.772
7.28556
16.9906
14.4865
21.6723
31.1789
33.4797
35.6654
37.923
27.202
24.8621
21.2427
24.7759
28.3755
29.4913
29.4568
36.7147
48.9226
55.1314
54.4969
36.4577
29.3316
19.6006
23.3272
24.647
15.9569
17.0743
19.4203
21.7265
20.4674
28.8049
43.0865
55.0043
48.9079
42.798
42.8247
47.4691
40.2854
39.0649
48.6493
52.4189
53.6538
52.6398
45.6492
35.0869
39.0856
36.9167
27.2098
32.0578
15.9517
23.2128
19.4173
21.7813
37.3552
49.1542
50.327
